586 111Βῆ1, 111111111111111111

11111 1111111111,1111111111 1111111 11) 1111111111. 111 postea 1
1111111111 1); 111111· S per 111111 1111 ’111111 plures 1111111 i
11 Spiritus 11111111 , per 1111 111111 1111111 diversi. S 1111111111
11111111111111111111111111111111111111111·

’511 111111 est, 1111 11111 1111111111 (111 11111111111111
ritus sancius a Patre 11 1111111 1111151111111111111
gSS'SSSp 111111111111 S Α, ¹

(1111111111.- 41111111 1111111111 1111111111 pSSSSSiSS¹
1111111111 111 1111111111,111 diSipgpSppiSS 11111111- ¹
1111111111 ,

1111111111 111111,1111 1111111 111 111111 11111111
11111111 S 1111111111. Si 11111 111 1111111 11,111111 111111
11111111 1111111111111111111111·111111111111111111111.

1111111111 est 11111111 111111 1111111111111111111 111111
1111111111 1111111 11 11111111 1111111111, 1111111111-
11111 11111 1111ι1 1111111111-Ν11111111; 11111111 11111111
1111111 1111111111111,1111111111111111111111111111.111111-
(1111111111 1111111111 111111111111 1111111 11111111 1111111111
1111111111111.1111111111111111 11111111 1111111111 1111 pop
1111,11111111111111111 1111 11111111 1111111111 11111,
quia 11111111111111111,1111111111111111 11111-
111111 SQQ 5111111111 1111111111 1111 1111111111. 1111 1111
1111111111,1111111111111111111111111111111111111111
1111111111 Ρ11111 pertinent. Si 1111111 1111111111 1111111111
11111111111111111111111111111111111111111111111111111 ’
11, 1111111,111111111111111 111 essent 11 11111111 1111111111, ’

· 11111 Seque 111 relationes 1111111111 11111111 1111111 ,
Unde, ,11111 persona 1111111111 111,.111 1111111111 1111 111-
1111 Filii 11 5111111111 1111111 11111111, 1111111111 1111111111
1111111111 11111111111111111111111 1111111111111111111111,
1111 111111 11111111 11111111 0111111111 11111 11111111511111111
11111111111111111111111111111111111111111111111 1111111
1111 11111111 esse 'SS divinis 11111111111111111111,.1111 11
1111111111111111111111111111111111. 1111111111 111111 11-
[1111111111111111111111111 11111111111111111111111111

11111 quod est 1 principio. 1111111111 eigo quSS 1111111
est 111111, 111 1111111 11111 ,5111111111111 11111111111111111
vel 5111111111 pictum 1111 'S 11111,Ι 11111111 1111111111111

 

